64 58
1111111111111111111111111111111111111111111111111111111111
1111111111111111111111111111111111111111111111111111111111
1100000000000000000000000000110000000000000000000000000011
1100000000000000000000000000110000000000000000000000000011
1100000000000000000000000000110000000000000000000000000011
1142424242424242424242424000114242424242424242424242400011
1120001111112000111111112000112000111111112000111111200011
1140001111114000111111114000114000111111114000111111400011
1120001111112000111111112000112000111111112000111111200011
1130001111114000111111114000114000111111114000111111300011
1120000000002000000000002000002000000000002000000000200011
1140000000004000000000004000004000000000004000000000400011
1120000000002000000000002000002000000000002000000000200011
1142424242424242424242424242424242424242424242424242400011
1120001111112000112000111111111111112000112000111111200011
1140001111114000114000111111111111114000114000111111400011
1120000000002000112000000000110000002000112000000000200011
1140000000004000114000000000110000004000114000000000400011
1120000000002000112000000000110000002000112000000000200011
1142424242424000114242424000114242424000114242424242400011
1111111111112000111111112000112000111111112000111111111111
1111111111114000111111112000112000111111114000111111111111
1111111111112000110000002000002000000000112000111111111111
1111111111114000110000002000002000000000114000111111111111
1111111111112000110000002000002000000000112000111111111111
1111111111114000112222222222222222222000114000111111111111
1111111111112000112000111111111111112000112000111111111111
1111111111114000112000111111111111112000114000111111111111
0000000000002000002000111111111111112000002000000000000000
0000000000004000002000111111111111112000004000000000000000
0000000000002000002000111111111111112000002000000000000000
2222222222224222222000111111111111112222224222222222222222
1111111111112000112000111111111111112000112000111111111111
1111111111114000112000111111111111112000114000111111111111
1111111111112000112000000000000000002000112000111111111111
1111111111114000112000000000000000002000114000111111111111
1111111111112000112000000000000000002000112000111111111111
1111111111114000112222222222222222222000114000111111111111
1111111111112000112000111111111111112000112000111111111111
1111111111114000112000111111111111112000114000111111111111
1100000000002000002000000000110000002000002000000000000011
1100000000004000002000000000110000002000004000000000000011
1100000000002000002000000000110000002000002000000000000011
1142424242424242424242424000114242424242424242424242400011
1120001111112000111111112000112000111111112000111111200011
1130001111114000111111114000114000111111114000111111300011
1120000000112000000000002000002000000000002000110000200011
1140000000114000000000004000004000000000004000110000400011
1120000000112000000000002000002000000000002000110000200011
1142424000114242424242424242424242424242424000114242400011
1111112000112000111120001111111111200011112000112000111111
1111114000114000111140001111111111400011114000114000111111
1100002000002000111120000000110000200011112000002000000011
1100004000004000111140000000110000400011114000004000000011
1100002000002000111120000000110000200011112000002000000011
1142424242424000111142424000114242400011114242424242400011
1120001111111111111111112000112000111111111111111111200011
1140001111111111111111114000114000111111111111111111400011
1120000000000000000000002000002000000000000000000000200011
1140000000000000000000004000004000000000000000000000400011
1120000000000000000000002000002000000000000000000000200011
1142424242424242424242424242424242424242424242424242400011
1111111111111111111111111111111111111111111111111111111111
1111111111111111111111111111111111111111111111111111111111
